81
NULL 0 Common 0
Joined 7 0,255,0,255,0,0,0,0,0,0 Latin 1 0 1 Joined	# Joined [4a 6f 69 6e 65 64 ]a
|Broken|0|1 15 0,255,0,255,0,0,0,0,0,0 Common 2 10 2 |Broken|0|1	# Broken
g 3 0,255,0,255,0,0,0,0,0,0 Latin 41 0 3 g	# g [67 ]a
i 3 0,255,0,255,0,0,0,0,0,0 Latin 65 0 4 i	# i [69 ]a
b 3 0,255,0,255,0,0,0,0,0,0 Latin 47 0 5 b	# b [62 ]a
o 3 0,255,0,255,0,0,0,0,0,0 Latin 58 0 6 o	# o [6f ]a
đ 3 0,255,0,255,0,0,0,0,0,0 Latin 7 0 7 đ	# đ [111 ]a
h 3 0,255,0,255,0,0,0,0,0,0 Latin 63 0 8 h	# h [68 ]a
æ 3 0,255,0,255,0,0,0,0,0,0 Latin 73 0 9 æ	# æ [e6 ]a
r 3 0,255,0,255,0,0,0,0,0,0 Latin 74 0 10 r	# r [72 ]a
v 3 0,255,0,255,0,0,0,0,0,0 Latin 69 0 11 v	# v [76 ]a
a 3 0,255,0,255,0,0,0,0,0,0 Latin 62 0 12 a	# a [61 ]a
s 3 0,255,0,255,0,0,0,0,0,0 Latin 42 0 13 s	# s [73 ]a
l 3 0,255,0,255,0,0,0,0,0,0 Latin 31 0 14 l	# l [6c ]a
m 3 0,255,0,255,0,0,0,0,0,0 Latin 38 0 15 m	# m [6d ]a
e 3 0,255,0,255,0,0,0,0,0,0 Latin 59 0 16 e	# e [65 ]a
t 3 0,255,0,255,0,0,0,0,0,0 Latin 60 0 17 t	# t [74 ]a
u 3 0,255,0,255,0,0,0,0,0,0 Latin 67 0 18 u	# u [75 ]a
d 3 0,255,0,255,0,0,0,0,0,0 Latin 33 0 19 d	# d [64 ]a
n 3 0,255,0,255,0,0,0,0,0,0 Latin 61 0 20 n	# n [6e ]a
. 16 0,255,0,255,0,0,0,0,0,0 Common 21 6 21 .	# . [2e ]p
7 8 0,255,0,255,0,0,0,0,0,0 Common 22 2 22 7	# 7 [37 ]0
J 5 0,255,0,255,0,0,0,0,0,0 Latin 25 0 23 J	# J [4a ]A
š 3 0,255,0,255,0,0,0,0,0,0 Latin 24 0 24 š	# š [161 ]a
j 3 0,255,0,255,0,0,0,0,0,0 Latin 23 0 25 j	# j [6a ]a
k 3 0,255,0,255,0,0,0,0,0,0 Latin 75 0 26 k	# k [6b ]a
, 16 0,255,0,255,0,0,0,0,0,0 Common 27 6 27 ,	# , [2c ]p
; 16 0,255,0,255,0,0,0,0,0,0 Common 28 10 28 ;	# ; [3b ]p
č 3 0,255,0,255,0,0,0,0,0,0 Latin 29 0 29 č	# č [10d ]a
c 3 0,255,0,255,0,0,0,0,0,0 Latin 30 0 30 c	# c [63 ]a
L 5 0,255,0,255,0,0,0,0,0,0 Latin 14 0 31 L	# L [4c ]A
y 3 0,255,0,255,0,0,0,0,0,0 Latin 32 0 32 y	# y [79 ]a
D 5 0,255,0,255,0,0,0,0,0,0 Latin 19 0 33 D	# D [44 ]A
: 16 0,255,0,255,0,0,0,0,0,0 Common 34 6 34 :	# : [3a ]p
„ 16 0,255,0,255,0,0,0,0,0,0 Common 35 10 35 „	# „ [201e ]p
3 8 0,255,0,255,0,0,0,0,0,0 Common 36 2 36 3	# 3 [33 ]0
2 8 0,255,0,255,0,0,0,0,0,0 Common 37 2 37 2	# 2 [32 ]0
M 5 0,255,0,255,0,0,0,0,0,0 Latin 15 0 38 M	# M [4d ]A
1 8 0,255,0,255,0,0,0,0,0,0 Common 39 2 39 1	# 1 [31 ]0
0 8 0,255,0,255,0,0,0,0,0,0 Common 40 2 40 0	# 0 [30 ]0
G 5 0,255,0,255,0,0,0,0,0,0 Latin 3 0 41 G	# G [47 ]A
S 5 0,255,0,255,0,0,0,0,0,0 Latin 13 0 42 S	# S [53 ]A
P 5 0,255,0,255,0,0,0,0,0,0 Latin 52 0 43 P	# P [50 ]A
? 16 0,255,0,255,0,0,0,0,0,0 Common 44 10 44 ?	# ? [3f ]p
“ 16 0,255,0,255,0,0,0,0,0,0 Common 45 10 45 "	# “ [201c ]p
- 16 0,255,0,255,0,0,0,0,0,0 Common 46 3 46 -	# - [2d ]p
B 5 0,255,0,255,0,0,0,0,0,0 Latin 5 0 47 B	# B [42 ]A
’ 16 0,255,0,255,0,0,0,0,0,0 Common 48 10 48 '	# ’ [2019 ]p
! 16 0,255,0,255,0,0,0,0,0,0 Common 49 10 49 !	# ! [21 ]p
9 8 0,255,0,255,0,0,0,0,0,0 Common 50 2 50 9	# 9 [39 ]0
ŋ 3 0,255,0,255,0,0,0,0,0,0 Latin 51 0 51 ŋ	# ŋ [14b ]a
p 3 0,255,0,255,0,0,0,0,0,0 Latin 43 0 52 p	# p [70 ]a
ǥ 3 0,255,0,255,0,0,0,0,0,0 Latin 53 0 53 ǥ	# ǥ [1e5 ]a
ǯ 3 0,255,0,255,0,0,0,0,0,0 Latin 54 0 54 ǯ	# ǯ [1ef ]a
5 8 0,255,0,255,0,0,0,0,0,0 Common 55 2 55 5	# 5 [35 ]0
f 3 0,255,0,255,0,0,0,0,0,0 Latin 56 0 56 f	# f [66 ]a
4 8 0,255,0,255,0,0,0,0,0,0 Common 57 2 57 4	# 4 [34 ]0
O 5 0,255,0,255,0,0,0,0,0,0 Latin 6 0 58 O	# O [4f ]A
E 5 0,255,0,255,0,0,0,0,0,0 Latin 16 0 59 E	# E [45 ]A
T 5 0,255,0,255,0,0,0,0,0,0 Latin 17 0 60 T	# T [54 ]A
N 5 0,255,0,255,0,0,0,0,0,0 Latin 20 0 61 N	# N [4e ]A
A 5 0,255,0,255,0,0,0,0,0,0 Latin 12 0 62 A	# A [41 ]A
H 5 0,255,0,255,0,0,0,0,0,0 Latin 8 0 63 H	# H [48 ]A
‘ 16 0,255,0,255,0,0,0,0,0,0 Common 64 10 64 '	# ‘ [2018 ]p
I 5 0,255,0,255,0,0,0,0,0,0 Latin 4 0 65 I	# I [49 ]A
ö 3 0,255,0,255,0,0,0,0,0,0 Latin 66 0 66 ö	# ö [f6 ]a
U 5 0,255,0,255,0,0,0,0,0,0 Latin 18 0 67 U	# U [55 ]A
œ 3 0,255,0,255,0,0,0,0,0,0 Latin 68 0 68 œ	# œ [153 ]a
V 5 0,255,0,255,0,0,0,0,0,0 Latin 11 0 69 V	# V [56 ]A
[ 16 0,255,0,255,0,0,0,0,0,0 Common 70 10 0 [	# [ [5b ]p
á 3 0,255,0,255,0,0,0,0,0,0 Latin 71 0 71 á	# á [e1 ]a
6 8 0,255,0,255,0,0,0,0,0,0 Common 72 2 72 6	# 6 [36 ]0
Æ 5 0,255,0,255,0,0,0,0,0,0 Latin 9 0 73 Æ	# Æ [c6 ]A
R 5 0,255,0,255,0,0,0,0,0,0 Latin 10 0 74 R	# R [52 ]A
K 5 0,255,0,255,0,0,0,0,0,0 Latin 26 0 75 K	# K [4b ]A
8 8 0,255,0,255,0,0,0,0,0,0 Common 76 2 76 8	# 8 [38 ]0
ʒ 3 0,255,0,255,0,0,0,0,0,0 Latin 77 0 77 ʒ	# ʒ [292 ]a
— 16 0,255,0,255,0,0,0,0,0,0 Common 78 10 78 -	# — [2014 ]p
â 3 0,255,0,255,0,0,0,0,0,0 Latin 79 0 79 â	# â [e2 ]a
ŧ 3 0,255,0,255,0,0,0,0,0,0 Latin 80 0 80 ŧ	# ŧ [167 ]a
