134
NULL 0 NULL 0
Joined 0 0,255,0,255,0,0,0,0,0,0 NULL 0 0 0 	# Joined [4a 6f 69 6e 65 64 ]
|Broken|0|1 0 0,255,0,255,0,0,0,0,0,0 NULL 0 0 0 	# Broken
H 5 0,255,0,255,0,0,0,0,0,0 Latin 89 0 3 H	# H [48 ]A
E 5 0,255,0,255,0,0,0,0,0,0 Latin 77 0 4 E	# E [45 ]A
R 5 0,255,0,255,0,0,0,0,0,0 Latin 85 0 5 R	# R [52 ]A
S 5 0,255,0,255,0,0,0,0,0,0 Latin 76 0 6 S	# S [53 ]A
T 5 0,255,0,255,0,0,0,0,0,0 Latin 78 0 7 T	# T [54 ]A
, 16 0,255,0,255,0,0,0,0,0,0 Common 8 6 8 ,	# , [2c ]p
F 5 0,255,0,255,0,0,0,0,0,0 Latin 98 0 9 F	# F [46 ]A
J 5 0,255,0,255,0,0,0,0,0,0 Latin 96 0 10 J	# J [4a ]A
I 5 0,255,0,255,0,0,0,0,0,0 Latin 86 0 11 I	# I [49 ]A
G 5 0,255,0,255,0,0,0,0,0,0 Latin 88 0 12 G	# G [47 ]A
P 5 0,255,0,255,0,0,0,0,0,0 Latin 94 0 13 P	# P [50 ]A
B 5 0,255,0,255,0,0,0,0,0,0 Latin 92 0 14 B	# B [42 ]A
A 5 0,255,0,255,0,0,0,0,0,0 Latin 74 0 15 A	# A [41 ]A
L 5 0,255,0,255,0,0,0,0,0,0 Latin 75 0 16 L	# L [4c ]A
O 5 0,255,0,255,0,0,0,0,0,0 Latin 80 0 17 O	# O [4f ]A
U 5 0,255,0,255,0,0,0,0,0,0 Latin 82 0 18 U	# U [55 ]A
N 5 0,255,0,255,0,0,0,0,0,0 Latin 84 0 19 N	# N [4e ]A
: 16 0,255,0,255,0,0,0,0,0,0 Common 20 6 20 :	# : [3a ]p
K 5 0,255,0,255,0,0,0,0,0,0 Latin 81 0 21 K	# K [4b ]A
Ø 5 0,255,0,255,0,0,0,0,0,0 Latin 90 0 22 Ø	# Ø [d8 ]A
V 5 0,255,0,255,0,0,0,0,0,0 Latin 87 0 23 V	# V [56 ]A
Y 5 0,255,0,255,0,0,0,0,0,0 Latin 91 0 24 Y	# Y [59 ]A
D 5 0,255,0,255,0,0,0,0,0,0 Latin 79 0 25 D	# D [44 ]A
) 16 0,255,0,255,0,0,0,0,0,0 Common 26 10 34 )	# ) [29 ]p
1 8 0,255,0,255,0,0,0,0,0,0 Common 27 2 27 1	# 1 [31 ]0
0 8 0,255,0,255,0,0,0,0,0,0 Common 28 2 28 0	# 0 [30 ]0
8 8 0,255,0,255,0,0,0,0,0,0 Common 29 2 29 8	# 8 [38 ]0
M 5 0,255,0,255,0,0,0,0,0,0 Latin 83 0 30 M	# M [4d ]A
Æ 5 0,255,0,255,0,0,0,0,0,0 Latin 93 0 31 Æ	# Æ [c6 ]A
. 16 0,255,0,255,0,0,0,0,0,0 Common 32 6 32 .	# . [2e ]p
« 16 0,255,0,255,0,0,0,0,0,0 Common 33 10 38 «	# « [ab ]p
( 16 0,255,0,255,0,0,0,0,0,0 Common 34 10 26 (	# ( [28 ]p
! 16 0,255,0,255,0,0,0,0,0,0 Common 35 10 35 !	# ! [21 ]p
/ 16 0,255,0,255,0,0,0,0,0,0 Common 36 6 36 /	# / [2f ]p
Å 5 0,255,0,255,0,0,0,0,0,0 Latin 100 0 37 Å	# Å [c5 ]A
» 16 0,255,0,255,0,0,0,0,0,0 Common 38 10 33 »	# » [bb ]p
' 16 0,255,0,255,0,0,0,0,0,0 Common 39 10 39 '	# ' [27 ]p
X 5 0,255,0,255,0,0,0,0,0,0 Latin 103 0 40 X	# X [58 ]A
W 5 0,255,0,255,0,0,0,0,0,0 Latin 97 0 41 W	# W [57 ]A
[ 16 0,255,0,255,0,0,0,0,0,0 Common 42 10 43 [	# [ [5b ]p
] 16 0,255,0,255,0,0,0,0,0,0 Common 43 10 42 ]	# ] [5d ]p
C 5 0,255,0,255,0,0,0,0,0,0 Latin 95 0 44 C	# C [43 ]A
- 16 0,255,0,255,0,0,0,0,0,0 Common 45 3 45 -	# - [2d ]p
? 16 0,255,0,255,0,0,0,0,0,0 Common 46 10 46 ?	# ? [3f ]p
Z 5 0,255,0,255,0,0,0,0,0,0 Latin 101 0 47 Z	# Z [5a ]A
< 0 0,255,0,255,0,0,0,0,0,0 Common 48 10 67 <	# < [3c ]
3 8 0,255,0,255,0,0,0,0,0,0 Common 49 2 49 3	# 3 [33 ]0
" 16 0,255,0,255,0,0,0,0,0,0 Common 50 10 50 "	# " [22 ]p
Ö 5 0,255,0,255,0,0,0,0,0,0 Latin 102 0 51 Ö	# Ö [d6 ]A
| 0 0,255,0,255,0,0,0,0,0,0 Common 52 10 52 |	# | [7c ]
= 0 0,255,0,255,0,0,0,0,0,0 Common 53 10 53 =	# = [3d ]
9 8 0,255,0,255,0,0,0,0,0,0 Common 54 2 54 9	# 9 [39 ]0
; 16 0,255,0,255,0,0,0,0,0,0 Common 55 10 55 ;	# ; [3b ]p
2 8 0,255,0,255,0,0,0,0,0,0 Common 56 2 56 2	# 2 [32 ]0
Ä 5 0,255,0,255,0,0,0,0,0,0 Latin 57 0 57 Ä	# Ä [c4 ]A
7 8 0,255,0,255,0,0,0,0,0,0 Common 58 2 58 7	# 7 [37 ]0
5 8 0,255,0,255,0,0,0,0,0,0 Common 59 2 59 5	# 5 [35 ]0
4 8 0,255,0,255,0,0,0,0,0,0 Common 60 2 60 4	# 4 [34 ]0
6 8 0,255,0,255,0,0,0,0,0,0 Common 61 2 61 6	# 6 [36 ]0
+ 0 0,255,0,255,0,0,0,0,0,0 Common 62 3 62 +	# + [2b ]
Q 5 0,255,0,255,0,0,0,0,0,0 Latin 99 0 63 Q	# Q [51 ]A
É 5 0,255,0,255,0,0,0,0,0,0 Latin 104 0 64 É	# É [c9 ]A
* 16 0,255,0,255,0,0,0,0,0,0 Common 65 10 65 *	# * [2a ]p
” 16 0,255,0,255,0,0,0,0,0,0 Common 66 10 66 "	# ” [201d ]p
> 0 0,255,0,255,0,0,0,0,0,0 Common 67 10 48 >	# > [3e ]
% 16 0,255,0,255,0,0,0,0,0,0 Common 68 4 68 %	# % [25 ]p
& 16 0,255,0,255,0,0,0,0,0,0 Common 69 10 69 &	# & [26 ]p
— 16 0,255,0,255,0,0,0,0,0,0 Common 70 10 70 -	# — [2014 ]p
$ 0 0,255,0,255,0,0,0,0,0,0 Common 71 4 71 $	# $ [24 ]
€ 0 0,255,0,255,0,0,0,0,0,0 Common 72 4 72 €	# € [20ac ]
£ 0 0,255,0,255,0,0,0,0,0,0 Common 73 4 73 £	# £ [a3 ]
a 3 0,255,0,255,0,0,0,0,0,0 Latin 15 0 74 a	# a [61 ]a
l 3 0,255,0,255,0,0,0,0,0,0 Latin 16 0 75 l	# l [6c ]a
s 3 0,255,0,255,0,0,0,0,0,0 Latin 6 0 76 s	# s [73 ]a
e 3 0,255,0,255,0,0,0,0,0,0 Latin 4 0 77 e	# e [65 ]a
t 3 0,255,0,255,0,0,0,0,0,0 Latin 7 0 78 t	# t [74 ]a
d 3 0,255,0,255,0,0,0,0,0,0 Latin 25 0 79 d	# d [64 ]a
o 3 0,255,0,255,0,0,0,0,0,0 Latin 17 0 80 o	# o [6f ]a
k 3 0,255,0,255,0,0,0,0,0,0 Latin 21 0 81 k	# k [6b ]a
u 3 0,255,0,255,0,0,0,0,0,0 Latin 18 0 82 u	# u [75 ]a
m 3 0,255,0,255,0,0,0,0,0,0 Latin 30 0 83 m	# m [6d ]a
n 3 0,255,0,255,0,0,0,0,0,0 Latin 19 0 84 n	# n [6e ]a
r 3 0,255,0,255,0,0,0,0,0,0 Latin 5 0 85 r	# r [72 ]a
i 3 0,255,0,255,0,0,0,0,0,0 Latin 11 0 86 i	# i [69 ]a
v 3 0,255,0,255,0,0,0,0,0,0 Latin 23 0 87 v	# v [76 ]a
g 3 0,255,0,255,0,0,0,0,0,0 Latin 12 0 88 g	# g [67 ]a
h 3 0,255,0,255,0,0,0,0,0,0 Latin 3 0 89 h	# h [68 ]a
ø 3 0,255,0,255,0,0,0,0,0,0 Latin 22 0 90 ø	# ø [f8 ]a
y 3 0,255,0,255,0,0,0,0,0,0 Latin 24 0 91 y	# y [79 ]a
b 3 0,255,0,255,0,0,0,0,0,0 Latin 14 0 92 b	# b [62 ]a
æ 3 0,255,0,255,0,0,0,0,0,0 Latin 31 0 93 æ	# æ [e6 ]a
p 3 0,255,0,255,0,0,0,0,0,0 Latin 13 0 94 p	# p [70 ]a
c 3 0,255,0,255,0,0,0,0,0,0 Latin 44 0 95 c	# c [63 ]a
j 3 0,255,0,255,0,0,0,0,0,0 Latin 10 0 96 j	# j [6a ]a
w 3 0,255,0,255,0,0,0,0,0,0 Latin 41 0 97 w	# w [77 ]a
f 3 0,255,0,255,0,0,0,0,0,0 Latin 9 0 98 f	# f [66 ]a
q 3 0,255,0,255,0,0,0,0,0,0 Latin 63 0 99 q	# q [71 ]a
å 3 0,255,0,255,0,0,0,0,0,0 Latin 37 0 100 å	# å [e5 ]a
z 3 0,255,0,255,0,0,0,0,0,0 Latin 47 0 101 z	# z [7a ]a
ö 3 0,255,0,255,0,0,0,0,0,0 Latin 51 0 102 ö	# ö [f6 ]a
x 3 0,255,0,255,0,0,0,0,0,0 Latin 40 0 103 x	# x [78 ]a
é 3 0,255,0,255,0,0,0,0,0,0 Latin 64 0 104 é	# é [e9 ]a
š 3 0,255,0,255,0,0,0,0,0,0 Latin 116 0 105 š	# š [161 ]a
á 3 0,255,0,255,0,0,0,0,0,0 Latin 113 0 106 á	# á [e1 ]a
đ 3 0,255,0,255,0,0,0,0,0,0 Latin 107 0 107 đ	# đ [111 ]a
ŋ 3 0,255,0,255,0,0,0,0,0,0 Latin 108 0 108 ŋ	# ŋ [14b ]a
č 3 0,255,0,255,0,0,0,0,0,0 Latin 114 0 109 č	# č [10d ]a
ŧ 3 0,255,0,255,0,0,0,0,0,0 Latin 110 0 110 ŧ	# ŧ [167 ]a
ž 3 0,255,0,255,0,0,0,0,0,0 Latin 111 0 111 ž	# ž [17e ]a
ä 3 0,255,0,255,0,0,0,0,0,0 Latin 112 0 112 ä	# ä [e4 ]a
Á 5 0,255,0,255,0,0,0,0,0,0 Latin 106 0 113 Á	# Á [c1 ]A
Č 5 0,255,0,255,0,0,0,0,0,0 Latin 109 0 114 Č	# Č [10c ]A
ã 3 0,255,0,255,0,0,0,0,0,0 Latin 115 0 115 ã	# ã [e3 ]a
Š 5 0,255,0,255,0,0,0,0,0,0 Latin 105 0 116 Š	# Š [160 ]A
´ 0 0,255,0,255,0,0,0,0,0,0 Common 117 10 117 ´	# ´ [b4 ]
– 22 0,255,0,255,0,0,0,0,0,0 Common 118 10 118 -	# – [2013 ]p
è 3 0,255,0,255,0,0,0,0,0,0 Latin 119 0 119 è	# è [e8 ]a
ü 3 0,255,0,255,0,0,0,0,0,0 Latin 120 0 120 ü	# ü [fc ]a
ú 3 0,255,0,255,0,0,0,0,0,0 Latin 121 0 121 ú	# ú [fa ]a
ê 3 0,255,0,255,0,0,0,0,0,0 Latin 122 0 122 ê	# ê [ea ]a
õ 3 0,255,0,255,0,0,0,0,0,0 Latin 123 0 123 õ	# õ [f5 ]a
ó 3 0,255,0,255,0,0,0,0,0,0 Latin 124 0 124 ó	# ó [f3 ]a
… 22 0,255,0,255,0,0,0,0,0,0 Common 125 10 125 …	# … [2026 ]p
ô 3 0,255,0,255,0,0,0,0,0,0 Latin 126 0 126 ô	# ô [f4 ]a
` 0 0,255,0,255,0,0,0,0,0,0 Common 127 10 127 '	# ` [60 ]
“ 22 0,255,0,255,0,0,0,0,0,0 Common 128 10 128 "	# “ [201c ]p
ñ 3 0,255,0,255,0,0,0,0,0,0 Latin 129 0 129 ñ	# ñ [f1 ]a
û 3 0,255,0,255,0,0,0,0,0,0 Latin 130 0 130 û	# û [fb ]a
’ 22 0,255,0,255,0,0,0,0,0,0 Common 131 10 131 '	# ’ [2019 ]p
ò 3 0,255,0,255,0,0,0,0,0,0 Latin 132 0 132 ò	# ò [f2 ]a
Â 5 0,255,0,255,0,0,0,0,0,0 Latin 133 0 133 Â	# Â [c2 ]A
